$ANSIBLE_VAULT;1.1;AES256
31356135396230323937626166663832306439393436653733306334626234353438646366333466
3630633262343839333930613337383231376336613234330a353264323562613664303533323336
36363938626463376232343065386631386539343733333539663364386463623230333132633234
3565376135343438620a623232613166386237366165613332626263356436656664663161353635
65633732346631303038653135656663646134366235636239323738383465303732656364656564
31623663613731656131626437653436303030393738643131383363376666313839616335613439
34383238386538643533343665323864643534626139653965346164653366653863373466343733
35333135366336373932366634623632623533393138333364343861333466613531363232323933
61616630393637366335366161336236393961626631666133356261343666646130633733643333
36376661343931393935383033353735363730346137643535373032306439656266653234653830
39393432623731633561653764363562323734623233393762633261353462626264666139626331
31383734633835303637363037353561353833656465366631313961633036316561646464633733
39326164616465626663376561343130616465623235663330376139653738653038303233616634
39333765333630663331616136353439313635386664333135326235626535643933383038383235
35613732656239366230383330653836626437323437356461356566376439623237336362366131
61666463383932643333396537303336303664666363393266303638366339353337393933383564
65393235616337633761336536313265646263343330343139306561393765346635613335646336
39623034646230313766376439323734333132356139356661373535316532366565343637346636
64313235383265363236623034383963363566383432396465306465393330366534346438626332
32663362336463626162363734663038363562653530346563336362616361326239663161346661
36663538313034353036333530306631356234326136333338356439363863396561643533326266
63303031363766663933386232646265326437663134363437326362366339616564326333373862
37653137343166336132326461373637346534313338623862323164303265643331303838336632
66643234303561393835656366313466396436356239613335373834646232303937353830626565
33323939636635623831656631663166323336326433323233363334363237643635323466633633
3131633934393562663137303266383831653235313932323665
