$ANSIBLE_VAULT;1.1;AES256
39333838663133343964306666393934373332663965393366303738623361663462396237333063
3832646634653230356533396234373666616139616461360a643130326566663338363038316538
36643039643863626337353066613035663166303561313861333836626334383034666261393233
3236623536623930630a313436633239333935653633346561653763653632643436663263376264
32363536343733356266633036303965653963633662656630333232633661333462663030396561
38633734626230663639623235616165653331353665363062653730303531303563636166616265
61353833313262336537626631383133336639376262333436336231353836303832313334623233
66633533356534623434653162663062653237353131393537663135326433656161666634366438
62333035313464373133383633323235653364353464343831343666323634373031646537386531
33633530623836323538346338366266336236336130633162393661333166306165383036333634
65663934323833633936333863313365373734393462333234303062616231326162393132373866
63383033363461323864396236356162396237393262653039363064353730666365626437353963
34646432643663663865376634656138623432363035386163646139626333303266616533663565
3161333832363139376666316635356565343734323233366436
