$ANSIBLE_VAULT;1.1;AES256
64356231393936316234333936336366363266396262323130653865613535396565613730633630
3366363730626138343465613432366438333466393939630a626461656137313437306234356666
37363132623635623534383637656132303735316539663337396632396131353662616439636135
3563343664333131640a636332306431663363633336353061643031323365393161353934656463
64306364313164353633366230356135636233326333633030623066353064336339666163316531
64653337623732363734653337653039313336373565393562656339366338303639336565633561
66343031383834303761366463343934633162343363386662636162303337323264646262636537
31303638613765303736363738636361616436643763316531346661313965363330636139336638
65363962663064643531613139666663663263646366303664313735393764326530323231656631
37636336353363613330623661653435316431336462623837656661656435373332366436646637
34383734303563636634653064663162653631613431376565643631393065333066643332383463
63333262643633376362363761346238383134383739323332303035643839666331323663363064
63633739346262303330633461383864343362356265626633656464663031626333396633363062
34303437353832616533636139303063383239366661613265303637386561633933383131643631
65323236333330383534623535623466323365643934323237386264343939373433333532373465
38363532646461633731356534333036356636376263613539623032633138313637343761373333
37336633373262623566643666383233383365373264353332623762643532396564316436393063
65663464656363633061316332393138333537396635386536316431363766383830323862363835
63656233336133333134303831643637636536636535383733373737303661623161316135323739
31333731303433333463643036303561383536616564383637316533386264393134373135353831
65383533366632343664653435303632623231326533636635393465366466303166623432623161
31623638313663396330363466323030326531353934636438363364356162393933393366633563
386235643164306237393163396162346265
