$ANSIBLE_VAULT;1.1;AES256
31336132393934626563343032646361343666383032333634346365323239633233623333643766
6436383730303366316435653063383964316161313162360a343737636333666564353263636536
32613461303530633239656531303731376238633362633334356234633461653361313261613131
6133303733333462340a353437336132333863386366653663396161386630323739393162363365
36363364306134373331626636346531653637666363636466333533663263363562343763333165
31333065313939363165613061386333313065316438353262343437353963356161336232356336
63356136666537643633613962633966343638623737333865353733353538653032653666323666
34373835633134376561363165343437326566626561343536363164396333393134343639356335
64353335663630336362326536356664666533666534666636333433623334366666376331376635
35393933303834353637643231303462653165663739376336333865316531333630653662323532
37343236633037633861656563653566393839666238653939646363653031663033363838366231
32653739646434663430343865633038333238663430393737653738663630613363386430393863
66313665393837306463363362656433363866373861616532623965643436616130356333383636
62373731396533306264383935306563376534336661343764646365346636346237633734393762
623738653665363966306464376664373736
